48975
40912
52754
23536
49205
33765
25545
47119
16623
9260
54932
37919
33497
35401
20638
11551
48965
31391
82
57023
43427
50692
9367
18033
34352
26884
21371
49251
6832
40515
7567
55807
15891
60321
13807
65096
28550
39352
46679
45173
48612
36075
17556
16574
5940
38195
28125
54905
4050
28208
46392
47478
13364
55759
65511
47716
17107
21346
31431
23939
61861
38998
14211
12217
33784
28018
11777
62334
1835
58457
41972
50447
28996
59528
1485
34937
32187
29611
24306
36238
57819
5163
18180
5647
60922
18155
53364
12494
39501
19259
36433
35826
58258
50644
48043
26506
13127
59821
23304
14962
52742
65276
65409
16202
59269
1359
51139
25920
30970
9910
62158
23253
15073
14802
28900
10459
32957
16728
22953
6922
35988
59387
42749
28710
44495
25256
55216
57622
19541
12984
7048
6747
12725
6922
22950
6458
8281
8553
32378
39251
18463
29001
62504
33536
43803
25868
43996
11225
42597
1413
18147
13049
60800
60896
41759
39760
20617
31439
31846
40158
44423
38895
46906
57148
45817
4320
63606
54098
12873
30449
27813
31337
59450
24781
64873
37717
50649
43333
48942
27710
44747
1554
40759
40011
62450
16982
14235
17531
48421
46082
57690
27309
19441
39060
18921
65258
43380
16992
53820
56253
47441
16097
22054
41355
40878
21392
13536
25991
64725
62479
53702
43936
64033
28925
18412
60947
45908
32647
12943
28793
13193
5097
56102
32634
44157
9488
32356
22001
26480
20640
12718
8385
36737
34773
49740
12079
56165
63276
38071
55354
60219
26237
33755
58716
55162
52167
54128
35534
19278
1535
64328
32472
6632
54894
65106
50789
64382
31927
7254
25326
52567
19972
33711
23769
54745
17915
35848
45374
15656
8383
35193
10339
34620
3412
3520
24247
55579
57648
59781
9321
59183
58573
41793
279
47932
41364
51068
46778
7755
58322
6569
60322
12758
40280
18555
1968
58196
54404
47342
8316
62787
16999
18655
31872
20411
22175
56119
10454
14287
50364
19776
7934
43402
61569
8213
25798
37397
59281
7040
45152
52067
13609
39939
64826
53890
58494
1258
46550
47362
48600
54866
44614
64
7985
10950
20475
30161
1533
30930
44448
51897
50706
52383
29763
46739
60596
55561
18601
54342
62602
63753
40873
10675
38156
40163
64565
31115
41421
45579
12941
24486
34909
57555
24550
42895
2969
45025
7520
4502
10419
51968
56400
61125
38815
20627
42329
33876
10653
60930
22682
7719
59147
63555
18394
31768
38183
17424
62883
14068
63003
10288
38554
32377
2308
63104
9736
5277
42594
17256
9780
53013
3688
644
48603
42504
21271
25396
10844
31924
20790
33526
39643
14401
31545
58038
46169
4192
9926
43516
18261
7393
53805
56815
39770
56113
54384
49506
61390
31442
1226
5634
18919
4915
6278
1986
47419
27550
27382
58263
59474
48172
26253
33582
62574
57798
26084
43207
61991
36010
21188
14716
43403
9457
5995
17638
34
60379
1608
61424
26285
2835
1523
45205
7750
7801
47191
55169
35351
9038
47896
29290
57210
8613
62872
54248
875
23420
31920
62866
59430
53108
12046
37297
62565
18042
54935
62599
12885
56544
58487
39171
59379
60010
18840
1593
2276
495
56762
37627
9533
39122
1381
1208
47735
64253
55456
48610
22137
21840
45941
16031
9412
57987
53329
6441
10493
42728
3504
23379
33736
61992
62550
27579
56466
15854
29172
58742
16349
20398
30834
25883
59520
32215
27091
41719
30933
17011
24794
53070
38852
5199
3566
48264
63186
56895
54706
8144
34087
58210
31523
2288
54666
28537
29867
45597
44391
59040
38803
60740
13902
4101
21087
7887
36317
48178
49606
1714
65190
8864
54784
38506
14063
58350
21234
11714
49709
10404
19858
18261
3079
51381
20549
57745
14382
50416
37806
58773
43920
11074
53977
57823
15175
9529
174
51492
57707
49780
53206
57361
58645
42455
30331
7172
35269
51566
18886
19443
61970
38744
37704
65049
24589
58253
57259
38971
43133
29529
32208
21518
40603
20650
13805
55779
30179
13979
41735
22350
63759
29406
14176
56868
6325
44507
64041
41594
30537
17391
61037
26972
56136
33205
26485
15189
25922
18208
54161
3520
47738
20833
25038
22805
41483
38843
13048
6126
52822
54784
28477
51045
18654
42653
42378
24979
21624
40883
1037
52162
58274
62075
13598
48874
29744
40083
64064
55667
58292
52689
59187
40494
7986
18689
63299
49470
57532
10812
55596
44818
60
18537
30327
18714
61190
7169
43693
17279
48052
44730
3905
40791
41269
17503
24129
5478
57586
22657
61145
50342
9810
54796
25300
17797
7949
23064
1731
65481
33876
57327
44763
33936
10329
9554
52650
5983
16724
30807
23262
64776
10001
27167
40031
51271
44670
64161
56749
36721
21282
52358
21527
31093
41618
46828
48890
49567
4356
50621
49512
38232
42412
28739
6632
52741
38293
59282
58725
55017
24553
16451
54258
34554
43619
28753
20289
22753
27378
11502
59474
48661
63860
15466
14218
39942
62294
63108
23973
1114
48193
7949
39346
25069
36688
45978
12275
9446
39724
5464
64463
64277
21915
53185
33295
65534
16403
53585
22752
43781
65087
16690
26906
63412
32156
41124
37818
28914
38696
61792
30028
21353
4205
3838
46423
40894
49816
58698
50340
24004
64162
49267
22745
20541
36917
56041
20540
53320
44090
43292
31565
43641
59982
58472
41517
26603
34060
13800
55517
7221
10056
20010
28574
14261
23848
9461
55155
8129
2623
39959
32133
1249
23691
54879
21791
60608
45384
42331
48392
23938
20087
14421
2043
14533
7357
43561
41136
41418
57361
31118
48639
1881
51128
11677
16142
9440
21139
5762
17569
23762
45721
49703
25012
3876
39046
46803
64484
18894
23598
47340
42832
43685
61762
44875
58218
3583
22900
33819
45001
14725
64937
28104
16606
50529
39782
32749
59969
60921
38511
12003
19147
18696
61706
44159
22573
35216
25426
21521
54110
49024
3326
31406
27173
65088
10745
19856
3135
33646
53675
48137
48371
53076
10705
64978
38069
50487
32191
32502
45872
5166
44505
65020
23862
40675
43643
46435
10355
3534
2421
64465
52558
5747
30335
14196
5299
41081
34052
8434
9191
22191
56571
57562
9731
1741
57004
47800
52228
23659
14766
32565
28825
59272
32049
52688
34411
10156
33587
44767
13690
36008
43696
713
41755
8496
14909
47054
49577
48961
55489
58768
5616
46524
50794
15347
48265
42263
63147
34958
386
12377
1987
29212
6113
34036
16364
